32538825            Hijar/Martin                                      20220901  4    
1 92560     11   S 
2 16681     35   S 
3 47697     7    S 
4 26506     14   S 

85395219            Fuentes/Patricia                                  20221229  5    
1 30428     31   S 
2 33311     15   S 
3 57505     23   S 
4 52072     15   S 
5 22232     30   S 

62287143            Wong/Beatriz                                      20221127  5    
1 12388     34   S 
2 31389     22   S 
3 46919     32   S 
4 73174     15   S 
5 28992     25   S 

93961840            Pairazaman/Tatiana                                20221001  5    
1 46000     10   S 
2 41995     19   S 
3 89325     33   S 
4 37549     7    S 
5 81333     12   S 

57182371            Moscoso/Fiorella                                  20221026  1    
1 68730     11   S 

99891737            Contreras/Johana                                  20220815  5    
1 30796     18   S 
2 30428     10   S 
3 58200     11   S 
4 22842     13   S 
5 61039     33   S 

45914393            Lozada/Antonio                                    20230124  4    
1 22553     33   S 
2 73972     9    S 
3 61508     17   S 
4 19397     16   S 

15290194            Hernandez/Guillermo                               20230209  4    
1 81960     29   S 
2 27447     20   S 
3 61039     10   S 
4 61211     30   S 

32538825            Hijar/Martin                                      20230310  1    
1 88266     25   S 

93282118            Zambrano/Ofelia                                   20220919  2    
1 98679     24   S 
2 81960     33   S 

49357767            Solis/Rolando                                     20230312  4    
1 28992     34   S 
2 30220     25   S 
3 26754     10   S 
4 81821     28   S 

99891737            Contreras/Johana                                  20230411  4    
1 82469     18   S 
2 30428     12   S 
3 62008     16   S 
4 24733     31   S 

93961840            Pairazaman/Tatiana                                20220813  2    
1 31883     5    S 
2 44215     32   S 

54815159            Patino/Delicia                                    20220803  5    
1 91653     26   S 
2 26506     14   S 
3 46919     29   S 
4 70950     35   S 
5 55439     7    S 

93231760            Zarate/Alexander                                  20230327  2    
1 89528     12   S 
2 49157     32   S 

13731806            Salamanca/Virginia                                20220824  4    
1 27016     17   S 
2 28409     5    S 
3 46919     32   S 
4 47697     30   S 

99891737            Contreras/Johana                                  20230404  1    
1 84555     34   S 

62287143            Wong/Beatriz                                      20220916  2    
1 15098     7    S 
2 40862     23   S 

61061535            Solis/Maria                                       20220818  1    
1 26506     14   S 

45201670            Guevara/Milena                                    20220814  2    
1 95196     31   S 
2 17790     35   S 

13731806            Salamanca/Virginia                                20220808  2    
1 77203     33   S 
2 11370     17   S 

94683380            Farfan/Margot                                     20220909  2    
1 30690     33   S 
2 81695     33   S 

72330000            Vega/Carmela                                      20230330  4    
1 92628     20   S 
2 70116     13   S 
3 53200     17   S 
4 30430     21   S 

49357767            Solis/Rolando                                     20221002  1    
1 58259     8    S 

30246960            Escalante/Ines                                    20221129  4    
1 32486     33   S 
2 30428     35   S 
3 61508     31   S 
4 16681     31   S 

95656771            Raffo/Rolando                                     20230206  4    
1 49685     30   S 
2 64347     30   S 
3 22232     8    S 
4 82528     34   S 

43704548            Vizcardo/Maribel                                  20220801  3    
1 85325     20   S 
2 37549     5    S 
3 55021     5    S 

15290194            Hernandez/Guillermo                               20230418  1    
1 70116     11   S 

30246960            Escalante/Ines                                    20220917  2    
1 97465     12   S 
2 73972     8    S 

34697743            Ayala/Ericka                                      20220805  2    
1 22842     11   S 
2 79996     31   S 

37282858            Soma/Lourdes                                      20220829  3    
1 96554     29   S 
2 37007     11   S 
3 17845     7    S 

99891737            Contreras/Johana                                  20220909  1    
1 59121     31   S 

35852072            Jauregui/Victor                                   20220819  4    
1 80839     28   S 
2 31189     24   S 
3 84555     25   S 
4 40862     20   S 

72330000            Vega/Carmela                                      20230209  5    
1 60685     30   S 
2 42861     23   S 
3 36711     12   S 
4 68860     7    S 
5 95540     29   S 

41964357            Arca/Magali                                       20220816  4    
1 53200     29   S 
2 70226     13   S 
3 49157     32   S 
4 17645     17   S 

51873364            Calixto/Erick                                     20221229  4    
1 30428     18   S 
2 42861     11   S 
3 26360     31   S 
4 31311     22   S 

51642949            Miranda/Alfonso                                   20230330  5    
1 92628     20   S 
2 36622     13   S 
3 83510     9    S 
4 49685     34   S 
5 28992     26   S 

58643376            Arroyo/Natalia                                    20230303  3    
1 28892     29   S 
2 89839     24   S 
3 40862     10   S 

35852072            Jauregui/Victor                                   20221206  5    
1 34027     13   S 
2 34070     10   S 
3 58259     23   S 
4 57505     8    S 
5 81821     19   S 

66091742            Baca/Milagros                                     20220803  5    
1 40862     15   S 
2 90198     13   S 
3 41403     8    S 
4 43633     11   S 
5 32486     22   S 

20371464            Lozada/Heli                                       20220812  1    
1 17645     9    S 

90367684            Sinche/Yvonne                                     20221026  1    
1 68730     24   S 

61061535            Solis/Maria                                       20230328  4    
1 88994     18   S 
2 12388     6    S 
3 97465     8    S 
4 67784     14   S 

22598563            Sueldo/Adria                                      20220829  1    
1 26484     26   S 

36934113            Serrano/Arturo                                    20221030  3    
1 70113     24   S 
2 55813     26   S 
3 90198     24   S 

54149342            Leyva/Diana                                       20220820  3    
1 96031     30   S 
2 55701     9    S 
3 77358     32   S 

94683380            Farfan/Margot                                     20220817  1    
1 84766     8    S 

93961840            Pairazaman/Tatiana                                20221113  2    
1 91282     9    S 
2 54692     6    S 

93231760            Zarate/Alexander                                  20221027  1    
1 94429     5    S 

36934113            Serrano/Arturo                                    20221127  5    
1 58200     12   S 
2 26360     18   S 
3 60685     8    S 
4 73972     31   S 
5 15098     31   S 

62287143            Wong/Beatriz                                      20220804  3    
1 94459     10   S 
2 16359     33   S 
3 73174     22   S 

93961840            Pairazaman/Tatiana                                20220801  3    
1 62302     34   S 
2 22306     8    S 
3 70303     29   S 

59596317            Justino/Virginia                                  20220901  3    
1 26920     14   S 
2 98679     7    S 
3 51148     33   S 

77324146            Moscoso/Janet                                     20221025  5    
1 26754     11   S 
2 28219     25   S 
3 76247     31   S 
4 58252     15   S 
5 75565     14   S 

91187814            Narvaez/Jesus                                     20221015  5    
1 57036     33   S 
2 40997     23   S 
3 40862     20   S 
4 53084     31   S 
5 64347     33   S 

31284904            Sakaguchi/Carlos                                  20220827  4    
1 86681     18   S 
2 16681     13   S 
3 44253     5    S 
4 86451     30   S 

31284904            Sakaguchi/Carlos                                  20220826  3    
1 43222     25   S 
2 47734     17   S 
3 98261     25   S 

93231760            Zarate/Alexander                                  20230330  4    
1 92628     28   S 
2 86476     22   S 
3 70116     32   S 
4 90300     6    S 

93961840            Pairazaman/Tatiana                                20221002  5    
1 58259     15   S 
2 96031     18   S 
3 65536     27   S 
4 60086     30   S 
5 36208     18   S 

77440060            Escalante/Emigdio                                 20230426  5    
1 68610     22   S 
2 44215     25   S 
3 92517     9    S 
4 34027     33   S 
5 46919     24   S 

31284904            Sakaguchi/Carlos                                  20221117  2    
1 30220     20   S 
2 47734     19   S 

93961840            Pairazaman/Tatiana                                20220901  5    
1 26920     15   S 
2 18672     6    S 
3 42856     20   S 
4 68539     9    S 
5 95540     21   S 

51465986            Sam/Ines                                          20220817  2    
1 37007     21   S 
2 41995     27   S 

30246960            Escalante/Ines                                    20220901  3    
1 26920     34   S 
2 90300     34   S 
3 34070     34   S 

51465986            Sam/Ines                                          20220827  1    
1 16055     28   S 

68269451            Asmad/Adria                                       20220825  2    
1 42861     6    S 
2 34070     26   S 

51873364            Calixto/Erick                                     20221022  5    
1 30228     10   S 
2 53166     11   S 
3 36208     16   S 
4 28992     17   S 
5 92517     22   S 

75100362            Arca/Lucero                                       20220830  4    
1 41995     28   S 
2 25684     7    S 
3 94415     25   S 
4 18672     24   S 

90367684            Sinche/Yvonne                                     20220917  2    
1 97465     25   S 
2 64347     21   S 

54815159            Patino/Delicia                                    20230212  5    
1 22232     17   S 
2 31189     15   S 
3 48244     25   S 
4 55701     34   S 
5 43222     30   S 

51642949            Miranda/Alfonso                                   20221127  2    
1 12388     23   S 
2 76238     20   S 

54149342            Leyva/Diana                                       20220804  3    
1 28219     30   S 
2 90300     28   S 
3 60509     30   S 

77324146            Moscoso/Janet                                     20221122  3    
1 74680     11   S 
2 72969     17   S 
3 43222     25   S 

15290194            Hernandez/Guillermo                               20220818  5    
1 26506     13   S 
2 88994     34   S 
3 95540     20   S 
4 65667     27   S 
5 36711     24   S 

35347567            Sedano/Elia                                       20220823  5    
1 79996     10   S 
2 40997     10   S 
3 38648     28   S 
4 37007     33   S 
5 18672     12   S 

81647285            Vega/Henrry                                       20230418  2    
1 70116     28   S 
2 79996     16   S 

22679759            Bravo/Janet                                       20230307  3    
1 53846     20   S 
2 58036     17   S 
3 31189     6    S 

20371464            Lozada/Heli                                       20220830  3    
1 98261     27   S 
2 68730     28   S 
3 70226     27   S 

54815159            Patino/Delicia                                    20230223  1    
1 62008     15   S 

72330000            Vega/Carmela                                      20220826  1    
1 37549     20   S 

20371464            Lozada/Heli                                       20220828  5    
1 24522     26   S 
2 44253     14   S 
3 68730     25   S 
4 31389     32   S 
5 92628     17   S 

63640178            Rodriguez/Blanca                                  20220809  1    
1 80830     18   S 

62126128            Durand/Enrique                                    20220801  3    
1 42053     5    S 
2 26920     25   S 
3 47734     20   S 

51465986            Sam/Ines                                          20221215  4    
1 43633     27   S 
2 94415     22   S 
3 47697     16   S 
4 16299     17   S 

22598563            Sueldo/Adria                                      20221108  3    
1 93578     8    S 
2 96554     28   S 
3 93578     19   S 

51465986            Sam/Ines                                          20221022  5    
1 30228     26   S 
2 68730     22   S 
3 26360     14   S 
4 86158     12   S 
5 88681     28   S 

58643376            Arroyo/Natalia                                    20220826  1    
1 43222     20   S 

17299012            Suarez/Amaru                                      20221027  4    
1 94429     14   S 
2 26506     15   S 
3 14962     8    S 
4 68610     7    S 

35852072            Jauregui/Victor                                   20230411  5    
1 82469     18   S 
2 25684     7    S 
3 47697     16   S 
4 81960     27   S 
5 72495     33   S 

68114999            Rios/Ines                                         20220819  5    
1 96881     23   S 
2 39088     18   S 
3 25684     14   S 
4 17645     23   S 
5 49644     11   S 

65912822            Camacho/Ydali                                     20220806  2    
1 47697     13   S 
2 90198     31   S 

54815159            Patino/Delicia                                    20221122  4    
1 74680     9    S 
2 86828     5    S 
3 36622     21   S 
4 70225     30   S 

57182371            Moscoso/Fiorella                                  20221121  4    
1 81821     7    S 
2 76238     24   S 
3 92517     26   S 
4 58252     31   S 

27709566            Ortiz/Raul                                        20220823  5    
1 36822     31   S 
2 30007     23   S 
3 91653     19   S 
4 85865     34   S 
5 26484     11   S 

66039166            Chavez/Johan                                      20220825  2    
1 48244     30   S 
2 58036     27   S 

90367684            Sinche/Yvonne                                     20221127  2    
1 12388     17   S 
2 70303     28   S 

14956687            Luna/Waldemar                                     20220821  1    
1 79189     29   S 

59561864            Rosemberg/Julio                                   20220803  1    
1 40862     21   S 

62126128            Durand/Enrique                                    20221017  2    
1 51148     35   S 
2 27447     9    S 

34697743            Ayala/Ericka                                      20220901  3    
1 14962     26   S 
2 90198     27   S 
3 70807     12   S 

20371464            Lozada/Heli                                       20220804  2    
1 68539     35   S 
2 60685     27   S 

43704548            Vizcardo/Maribel                                  20220909  1    
1 59121     21   S 

54149342            Leyva/Diana                                       20230318  2    
1 34070     25   S 
2 26506     14   S 

71422479            Lozada/Felicita                                   20220822  4    
1 76360     10   S 
2 55439     25   S 
3 22842     25   S 
4 40862     9    S 

53420926            Prado/Juan                                        20221222  2    
1 67415     15   S 
2 72495     24   S 

13731806            Salamanca/Virginia                                20230111  2    
1 11592     13   S 
2 55021     24   S 

54149342            Leyva/Diana                                       20220826  2    
1 43222     26   S 
2 79996     6    S 

85395219            Fuentes/Patricia                                  20220817  4    
1 18672     27   S 
2 30690     24   S 
3 73174     30   S 
4 16813     8    S 

77440060            Escalante/Emigdio                                 20220826  3    
1 43222     35   S 
2 76238     18   S 
3 36711     17   S 

32538825            Hijar/Martin                                      20220829  4    
1 96554     10   S 
2 83801     14   S 
3 30690     28   S 
4 90198     24   S 

77324146            Moscoso/Janet                                     20221201  5    
1 45814     29   S 
2 81695     26   S 
3 30007     35   S 
4 48557     11   S 
5 77203     35   S 

13731806            Salamanca/Virginia                                20221116  2    
1 61039     18   S 
2 17845     15   S 

65912822            Camacho/Ydali                                     20230318  1    
1 88681     21   S 

71422479            Lozada/Felicita                                   20220923  5    
1 75565     28   S 
2 86476     34   S 
3 31189     30   S 
4 22232     23   S 
5 70116     13   S 

68114999            Rios/Ines                                         20221025  1    
1 26754     30   S 

36934113            Serrano/Arturo                                    20220901  4    
1 26920     12   S 
2 65536     11   S 
3 86681     34   S 
4 43633     26   S 

51465986            Sam/Ines                                          20230330  2    
1 73174     16   S 
2 77534     27   S 

90367684            Sinche/Yvonne                                     20230327  5    
1 89528     18   S 
2 63555     27   S 
3 68346     19   S 
4 22842     13   S 
5 76596     15   S 

95656771            Raffo/Rolando                                     20230124  1    
1 22553     19   S 

27709566            Ortiz/Raul                                        20230318  3    
1 48557     8    S 
2 31389     30   S 
3 70950     19   S 

65912822            Camacho/Ydali                                     20230116  1    
1 46919     12   S 

58643376            Arroyo/Natalia                                    20220827  5    
1 16055     28   S 
2 79996     14   S 
3 54692     7    S 
4 46919     24   S 
5 70950     11   S 

81647285            Vega/Henrry                                       20230315  5    
1 36622     20   S 
2 91653     31   S 
3 89325     15   S 
4 43222     33   S 
5 30690     26   S 

32538825            Hijar/Martin                                      20220820  1    
1 96031     16   S 

12484697            Diaz/Enrique                                      20220810  4    
1 74924     24   S 
2 43633     30   S 
3 74680     5    S 
4 75565     21   S 

15290194            Hernandez/Guillermo                               20220829  2    
1 26484     25   S 
2 26920     13   S 

59596317            Justino/Virginia                                  20221214  4    
1 33200     9    S 
2 92628     30   S 
3 83510     7    S 
4 83510     18   S 

77324146            Moscoso/Janet                                     20221229  4    
1 33390     25   S 
2 12388     25   S 
3 61039     19   S 
4 31311     29   S 

35347567            Sedano/Elia                                       20230407  2    
1 76238     7    S 
2 81695     16   S 

35852072            Jauregui/Victor                                   20221214  4    
1 33200     12   S 
2 68730     6    S 
3 70225     23   S 
4 77358     19   S 

27709566            Ortiz/Raul                                        20230328  4    
1 88994     8    S 
2 86681     22   S 
3 55813     5    S 
4 75565     25   S 

93939698            Henriquez/Silvana                                 20220829  4    
1 96554     21   S 
2 26360     26   S 
3 42053     34   S 
4 33311     28   S 

51642949            Miranda/Alfonso                                   20220803  1    
1 91653     33   S 

59561864            Rosemberg/Julio                                   20221217  1    
1 72939     33   S 

85395219            Fuentes/Patricia                                  20230126  5    
1 86476     8    S 
2 70024     19   S 
3 48244     18   S 
4 77466     17   S 
5 30430     31   S 

85395219            Fuentes/Patricia                                  20230206  2    
1 17804     33   S 
2 37007     16   S 

45201670            Guevara/Milena                                    20230318  5    
1 48557     5    S 
2 86681     5    S 
3 34027     30   S 
4 28992     29   S 
5 67784     8    S 

93939698            Henriquez/Silvana                                 20220801  2    
1 53084     19   S 
2 22842     6    S 

72330000            Vega/Carmela                                      20221026  4    
1 68730     7    S 
2 59395     34   S 
3 36649     20   S 
4 53166     34   S 

32538825            Hijar/Martin                                      20221118  1    
1 41403     22   S 

53420926            Prado/Juan                                        20220801  1    
1 42053     5    S 

35606314            Mercado/Elia                                      20230403  1    
1 14075     5    S 

51642949            Miranda/Alfonso                                   20230209  1    
1 17790     20   S 

85395219            Fuentes/Patricia                                  20230126  1    
1 86476     35   S 

91187814            Narvaez/Jesus                                     20220827  1    
1 86681     26   S 

34571095            Infantes/Luis                                     20230402  3    
1 40997     34   S 
2 49644     5    S 
3 51148     11   S 

66091742            Baca/Milagros                                     20220923  5    
1 75565     24   S 
2 74924     15   S 
3 60086     11   S 
4 70950     27   S 
5 31389     14   S 

53420926            Prado/Juan                                        20220806  1    
1 47697     26   S 

86988155            Cerna/Cinthia                                     20220813  3    
1 31883     31   S 
2 76247     11   S 
3 53846     23   S 

81647285            Vega/Henrry                                       20220801  4    
1 90198     6    S 
2 58036     21   S 
3 16299     21   S 
4 33390     34   S 

13731806            Salamanca/Virginia                                20220824  4    
1 36208     19   S 
2 26484     19   S 
3 80830     29   S 
4 75565     7    S 

54149342            Leyva/Diana                                       20230310  1    
1 88266     10   S 

68269451            Asmad/Adria                                       20220816  4    
1 53200     15   S 
2 53084     26   S 
3 86158     26   S 
4 72969     12   S 

93939698            Henriquez/Silvana                                 20230404  4    
1 84555     9    S 
2 77203     16   S 
3 36711     19   S 
4 42861     5    S 

13731806            Salamanca/Virginia                                20221108  5    
1 93578     7    S 
2 42856     18   S 
3 70225     24   S 
4 70807     9    S 
5 25684     33   S 

94683380            Farfan/Margot                                     20220906  1    
1 33276     25   S 

80694546            Ramirez/Karina                                    20220802  3    
1 77466     8    S 
2 81062     16   S 
3 74924     20   S 

86988155            Cerna/Cinthia                                     20221122  2    
1 74680     28   S 
2 39779     17   S 

93282118            Zambrano/Ofelia                                   20220829  5    
1 60086     13   S 
2 70303     32   S 
3 39779     17   S 
4 30690     16   S 
5 40862     29   S 

86988155            Cerna/Cinthia                                     20221229  2    
1 30428     33   S 
2 58259     31   S 

15290194            Hernandez/Guillermo                               20230404  5    
1 84555     5    S 
2 43222     33   S 
3 32486     29   S 
4 34066     27   S 
5 84771     22   S 

54815159            Patino/Delicia                                    20220917  4    
1 61508     22   S 
2 58252     9    S 
3 28219     13   S 
4 73174     12   S 

45914393            Lozada/Antonio                                    20220821  3    
1 79189     35   S 
2 92517     21   S 
3 93578     30   S 

27709566            Ortiz/Raul                                        20221201  2    
1 45814     12   S 
2 72495     35   S 

62126128            Durand/Enrique                                    20230228  3    
1 61211     10   S 
2 14075     29   S 
3 16681     6    S 

68114999            Rios/Ines                                         20220901  3    
1 92560     29   S 
2 62302     24   S 
3 57505     20   S 

35606314            Mercado/Elia                                      20230127  2    
1 39779     17   S 
2 70807     10   S 

22679759            Bravo/Janet                                       20230121  3    
1 70303     33   S 
2 91653     13   S 
3 16359     27   S 

36471787            Pena/Glenda                                       20230403  1    
1 14075     15   S 

51465986            Sam/Ines                                          20220909  3    
1 59121     11   S 
2 81821     13   S 
3 55439     18   S 

41964357            Arca/Magali                                       20230315  4    
1 36622     27   S 
2 42856     5    S 
3 96881     15   S 
4 70226     5    S 

93939698            Henriquez/Silvana                                 20220915  3    
1 72061     6    S 
2 95196     17   S 
3 26754     31   S 

20371464            Lozada/Heli                                       20220913  4    
1 48039     11   S 
2 52072     30   S 
3 84766     31   S 
4 41995     10   S 

37282858            Soma/Lourdes                                      20230111  5    
1 11592     18   S 
2 59121     31   S 
3 70113     29   S 
4 26920     14   S 
5 95196     16   S 

80694546            Ramirez/Karina                                    20230411  4    
1 82469     24   S 
2 76596     19   S 
3 30228     6    S 
4 88994     22   S 

81539774            Alfaro/Erick                                      20221004  1    
1 19397     20   S 

91187814            Narvaez/Jesus                                     20220816  3    
1 39088     34   S 
2 24522     16   S 
3 51148     15   S 

94683380            Farfan/Margot                                     20230201  4    
1 40645     12   S 
2 48244     25   S 
3 53200     15   S 
4 40997     24   S 

63640178            Rodriguez/Blanca                                  20221004  5    
1 19397     34   S 
2 61295     31   S 
3 72969     6    S 
4 34066     30   S 
5 83510     21   S 

35852072            Jauregui/Victor                                   20230116  4    
1 81062     20   S 
2 26360     5    S 
3 89325     6    S 
4 37007     19   S 

59596317            Justino/Virginia                                  20221216  1    
1 77358     11   S 

62126128            Durand/Enrique                                    20220801  4    
1 42053     26   S 
2 94459     30   S 
3 98261     22   S 
4 77203     14   S 

12484697            Diaz/Enrique                                      20220916  4    
1 15098     27   S 
2 68539     22   S 
3 22842     9    S 
4 11370     17   S 

77440060            Escalante/Emigdio                                 20221022  3    
1 30228     9    S 
2 36622     29   S 
3 46000     26   S 

99891737            Contreras/Johana                                  20221206  5    
1 34027     14   S 
2 15098     23   S 
3 30430     33   S 
4 94415     17   S 
5 77358     34   S 

15290194            Hernandez/Guillermo                               20220814  2    
1 44215     9    S 
2 50450     33   S 

34697743            Ayala/Ericka                                      20220804  5    
1 68539     17   S 
2 91653     10   S 
3 19397     18   S 
4 72061     30   S 
5 62302     7    S 

93282118            Zambrano/Ofelia                                   20230318  3    
1 25684     14   S 
2 53846     7    S 
3 17845     5    S 

80694546            Ramirez/Karina                                    20220830  3    
1 41995     32   S 
2 81821     34   S 
3 42861     15   S 

51873364            Calixto/Erick                                     20220803  5    
1 91653     16   S 
2 16299     32   S 
3 46919     33   S 
4 24522     26   S 
5 40862     29   S 

12484697            Diaz/Enrique                                      20230114  1    
1 76247     34   S 

36471787            Pena/Glenda                                       20230116  5    
1 46919     32   S 
2 92517     31   S 
3 22232     32   S 
4 26484     18   S 
5 76596     11   S 

35606314            Mercado/Elia                                      20230111  2    
1 11592     16   S 
2 63555     6    S 

62126128            Durand/Enrique                                    20220817  3    
1 84766     8    S 
2 77358     6    S 
3 70303     8    S 

93282118            Zambrano/Ofelia                                   20221026  5    
1 68730     17   S 
2 86681     19   S 
3 85325     14   S 
4 68610     8    S 
5 47734     6    S 

68269451            Asmad/Adria                                       20220801  2    
1 53084     5    S 
2 47734     12   S 

51465986            Sam/Ines                                          20220805  1    
1 22842     35   S 

80694546            Ramirez/Karina                                    20220829  2    
1 36711     26   S 
2 49685     10   S 

61061535            Solis/Maria                                       20220820  3    
1 96031     28   S 
2 52072     30   S 
3 60086     21   S 

93282118            Zambrano/Ofelia                                   20220806  4    
1 47697     22   S 
2 34027     17   S 
3 55021     21   S 
4 79189     19   S 

92275859            Egusquiza/Doris                                   20220802  2    
1 77466     5    S 
2 26506     34   S 

93961840            Pairazaman/Tatiana                                20220914  2    
1 81333     33   S 
2 16299     26   S 

72973662            Vargas/Daniel                                     20221229  4    
1 30428     12   S 
2 58200     30   S 
3 30228     33   S 
4 65667     18   S 

72973662            Vargas/Daniel                                     20230209  3    
1 17790     34   S 
2 28992     33   S 
3 58252     11   S 

12484697            Diaz/Enrique                                      20220812  2    
1 17645     25   S 
2 81960     28   S 

13731806            Salamanca/Virginia                                20220808  1    
1 85641     21   S 

93939698            Henriquez/Silvana                                 20221129  4    
1 32486     5    S 
2 16359     20   S 
3 11592     33   S 
4 90300     18   S 

90367684            Sinche/Yvonne                                     20230315  1    
1 36622     12   S 

71422479            Lozada/Felicita                                   20220817  3    
1 18672     22   S 
2 75565     29   S 
3 37007     5    S 

93282118            Zambrano/Ofelia                                   20220830  2    
1 41995     22   S 
2 64347     7    S 

72330000            Vega/Carmela                                      20220809  4    
1 33311     32   S 
2 48244     35   S 
3 46000     33   S 
4 77534     6    S 

72330000            Vega/Carmela                                      20220901  1    
1 26920     18   S 

22598563            Sueldo/Adria                                      20220810  2    
1 36649     29   S 
2 86158     23   S 

90367684            Sinche/Yvonne                                     20220804  3    
1 28219     6    S 
2 49644     34   S 
3 92517     13   S 

20371464            Lozada/Heli                                       20230330  1    
1 73174     16   S 

36471787            Pena/Glenda                                       20230202  5    
1 55701     8    S 
2 82528     14   S 
3 85325     31   S 
4 46000     6    S 
5 25684     33   S 

61061535            Solis/Maria                                       20221215  2    
1 43633     31   S 
2 73174     8    S 

61061535            Solis/Maria                                       20220802  1    
1 92517     21   S 

99891737            Contreras/Johana                                  20230307  5    
1 53846     11   S 
2 58259     28   S 
3 30228     23   S 
4 42856     9    S 
5 76247     35   S 

54149342            Leyva/Diana                                       20220830  2    
1 98261     8    S 
2 98679     33   S 

12484697            Diaz/Enrique                                      20220913  3    
1 48039     7    S 
2 94429     32   S 
3 93578     29   S 

43704548            Vizcardo/Maribel                                  20230127  5    
1 39779     11   S 
2 36649     29   S 
3 77358     17   S 
4 47734     18   S 
5 17804     30   S 

36934113            Serrano/Arturo                                    20220829  4    
1 36711     5    S 
2 82469     28   S 
3 68539     21   S 
4 74680     33   S 

93961840            Pairazaman/Tatiana                                20230206  3    
1 17804     33   S 
2 42856     33   S 
3 16299     12   S 

45201670            Guevara/Milena                                    20220821  5    
1 79189     33   S 
2 79189     31   S 
3 22553     26   S 
4 30430     15   S 
5 26360     29   S 

36934113            Serrano/Arturo                                    20221204  4    
1 70225     15   S 
2 26484     14   S 
3 59121     6    S 
4 28992     18   S 

68114999            Rios/Ines                                         20220814  4    
1 95196     10   S 
2 77203     14   S 
3 53166     8    S 
4 57036     10   S 

51642949            Miranda/Alfonso                                   20230212  4    
1 22232     5    S 
2 28409     5    S 
3 88994     23   S 
4 40862     22   S 

20371464            Lozada/Heli                                       20221001  2    
1 46000     11   S 
2 75565     10   S 

54815159            Patino/Delicia                                    20220829  4    
1 96554     5    S 
2 70116     27   S 
3 26920     30   S 
4 92517     25   S 

52313890            Rivero/Wilver                                     20220816  1    
1 17845     25   S 

20371464            Lozada/Heli                                       20221129  2    
1 32486     35   S 
2 44253     7    S 

15290194            Hernandez/Guillermo                               20220906  4    
1 33276     28   S 
2 52072     18   S 
3 36649     22   S 
4 62302     23   S 

72973662            Vargas/Daniel                                     20220819  3    
1 80839     27   S 
2 49685     10   S 
3 42856     33   S 

36471787            Pena/Glenda                                       20220814  5    
1 44215     16   S 
2 48557     26   S 
3 45814     10   S 
4 54692     15   S 
5 81333     21   S 

81647285            Vega/Henrry                                       20230116  5    
1 46919     23   S 
2 91653     24   S 
3 88266     26   S 
4 17645     27   S 
5 30690     34   S 

62287143            Wong/Beatriz                                      20220818  1    
1 61295     33   S 

95656771            Raffo/Rolando                                     20220803  4    
1 91653     34   S 
2 77358     19   S 
3 88994     16   S 
4 34066     7    S 

22598563            Sueldo/Adria                                      20220829  1    
1 58252     8    S 

93231760            Zarate/Alexander                                  20220816  1    
1 47734     16   S 

41964357            Arca/Magali                                       20220917  1    
1 97465     16   S 

93961840            Pairazaman/Tatiana                                20220829  5    
1 58252     31   S 
2 14962     9    S 
3 22232     7    S 
4 98679     18   S 
5 49756     33   S 

22598563            Sueldo/Adria                                      20230228  3    
1 61211     13   S 
2 37007     29   S 
3 81062     15   S 

51642949            Miranda/Alfonso                                   20230216  3    
1 65985     30   S 
2 70113     10   S 
3 89528     31   S 

30246960            Escalante/Ines                                    20220829  2    
1 90300     27   S 
2 28219     14   S 

86988155            Cerna/Cinthia                                     20220901  4    
1 26920     27   S 
2 38648     15   S 
3 53166     22   S 
4 40645     18   S 

68269451            Asmad/Adria                                       20220818  2    
1 61295     26   S 
2 86828     9    S 

63640178            Rodriguez/Blanca                                  20230114  1    
1 76247     22   S 

37282858            Soma/Lourdes                                      20220913  3    
1 48039     16   S 
2 31189     32   S 
3 26754     26   S 

62287143            Wong/Beatriz                                      20230212  3    
1 22232     12   S 
2 57269     16   S 
3 40997     8    S 

20371464            Lozada/Heli                                       20230407  2    
1 76238     31   S 
2 28219     35   S 

61061535            Solis/Maria                                       20220829  2    
1 26484     29   S 
2 86828     23   S 

68114999            Rios/Ines                                         20220826  4    
1 37549     23   S 
2 42053     16   S 
3 70303     19   S 
4 65985     32   S 

52313890            Rivero/Wilver                                     20221127  5    
1 58200     6    S 
2 72969     30   S 
3 57036     5    S 
4 42053     19   S 
5 88681     17   S 

62287143            Wong/Beatriz                                      20221020  5    
1 68860     34   S 
2 85325     25   S 
3 70303     17   S 
4 33311     12   S 
5 77358     7    S 

45914393            Lozada/Antonio                                    20221220  4    
1 67784     24   S 
2 58252     19   S 
3 95196     20   S 
4 83801     17   S 

15290194            Hernandez/Guillermo                               20220809  5    
1 38648     33   S 
2 90198     18   S 
3 49157     11   S 
4 68610     8    S 
5 40997     20   S 

54815159            Patino/Delicia                                    20230318  4    
1 34070     5    S 
2 73174     26   S 
3 82469     16   S 
4 39779     33   S 

71422479            Lozada/Felicita                                   20221001  5    
1 46000     11   S 
2 46000     5    S 
3 37007     28   S 
4 86451     23   S 
5 84555     21   S 

71422479            Lozada/Felicita                                   20220819  1    
1 80839     21   S 

28992638            Trigueros/Luz                                     20220817  5    
1 18672     30   S 
2 15098     24   S 
3 86158     35   S 
4 42053     27   S 
5 82528     17   S 

45914393            Lozada/Antonio                                    20220819  5    
1 80839     9    S 
2 30220     27   S 
3 30430     11   S 
4 84766     19   S 
5 85641     17   S 

62287143            Wong/Beatriz                                      20230312  4    
1 28992     6    S 
2 96031     9    S 
3 79996     28   S 
4 88994     30   S 

36934113            Serrano/Arturo                                    20220817  5    
1 37007     9    S 
2 33390     22   S 
3 73174     30   S 
4 30690     29   S 
5 39172     34   S 

35852072            Jauregui/Victor                                   20230318  2    
1 88681     14   S 
2 55813     31   S 

62126128            Durand/Enrique                                    20230206  2    
1 49685     6    S 
2 77466     12   S 

49357767            Solis/Rolando                                     20220804  3    
1 70024     33   S 
2 59395     24   S 
3 31311     23   S 

86988155            Cerna/Cinthia                                     20220914  1    
1 81333     34   S 

37282858            Soma/Lourdes                                      20230209  5    
1 17790     23   S 
2 81821     8    S 
3 96881     17   S 
4 44253     12   S 
5 34080     35   S 

54149342            Leyva/Diana                                       20230312  5    
1 58036     29   S 
2 95196     6    S 
3 17804     27   S 
4 70226     9    S 
5 76247     8    S 

57182371            Moscoso/Fiorella                                  20230418  1    
1 70116     5    S 

77324146            Moscoso/Janet                                     20230328  4    
1 88994     28   S 
2 34066     15   S 
3 16359     16   S 
4 67415     28   S 

35606314            Mercado/Elia                                      20230404  2    
1 84555     7    S 
2 24522     18   S 

77440060            Escalante/Emigdio                                 20220820  5    
1 96031     8    S 
2 68860     17   S 
3 24522     30   S 
4 62008     9    S 
5 81333     29   S 

59596317            Justino/Virginia                                  20230427  2    
1 60509     13   S 
2 60086     29   S 

62126128            Durand/Enrique                                    20220817  5    
1 60888     16   S 
2 42856     8    S 
3 49644     6    S 
4 33311     16   S 
5 14075     6    S 

54815159            Patino/Delicia                                    20221027  3    
1 94429     13   S 
2 31189     34   S 
3 28892     19   S 

14956687            Luna/Waldemar                                     20230418  1    
1 70116     26   S 

52313890            Rivero/Wilver                                     20220817  3    
1 60888     35   S 
2 30430     32   S 
3 81821     26   S 

62126128            Durand/Enrique                                    20220827  1    
1 16055     14   S 

51642949            Miranda/Alfonso                                   20221218  3    
1 16299     20   S 
2 88994     29   S 
3 41403     26   S 

31284904            Sakaguchi/Carlos                                  20230307  1    
1 53846     11   S 

